%YAML:1.0
---
image_width: 640
image_height: 480
camera_matrix: !!opencv-matrix
   rows: 3
   cols: 3
   dt: f
   data: [ 6.26827271e+02, 0., 2.96563263e+02, 0., 6.24976929e+02,
       2.43136780e+02, 0., 0., 1. ]
distortion_coefficients: !!opencv-matrix
   rows: 1
   cols: 5
   dt: f
   data: [ -1.25804082e-01, 5.66992700e-01, 2.37386092e-03,
       -6.96570938e-03, -9.16591048e-01 ]
